#ID" "State" "Speed" "SubParam" "SubParam2"
#ID" "Status" "Parameter" "SubParam1" "Subparam2" "Trigger1" "Action1" "Trigger2" "Action2" "Trigger3" "Action3"
#通常敵01　左右に移動" 
1 0 1 0 0 0 0 0 0 0 0 0 0 0 0 0
#通常敵02　左右に移動" "id02" "落ちない。"
1 1 1 0 0 0 0 0 0 0 0 0 0 0 0 0
#" 
2 0 1 0 0 0 0 0 0 0 0 0 0 0 0 0
#通常敵03　左右に移動" "id03" "こうらみたいなの　Subparam1で落ちない
3 0 1 0 0 0 2 0 0 0 0 0 0 0 0 0
#通常敵03　左右に移動" "id04" "はねる"
4 0 1 0 0 0 6 0 0 0 0 0 0 0 0 0
#クロ毛玉" 
5 0 1 0 0 0 2 0 0 0 0 0 0 0 0 0
#spd弾の速度　sub1弾を撃つ間隔　
6 0 1 0 0 0 0 0 0 0 0 0 0 0 0 0
7 0 1 0 0 0 0 0 0 0 0 0 0 0 0 0
8 0 1 0 0 0 0 0 0 0 0 0 0 0 0 0
#ひとだま
#state 0 弾を撃つ---擬似的な乱数ぽくしたい--
#State 1 指定方向=BulletTrigger　止まっているSub1　撃ってる時間Sub2を入れてある。
#State2　回りながら
#State3　自機狙い　止まっているSub1　撃ってる時間Sub2を入れてある。
9 0 2 0 0 60 0 0 0 0 0 0 0 0 0 0
10 1 2 0 0 100 100 0 0 32768 0 0 0 0 0 0
11 2 2 0 0 100 100 0 0 32768 0 0 0 0 0 0
#12:" "壁を添うてき"
12 0 2 0 0 0 2 0 0 0 0 0 0 0 0 0
13 0 2 0 0 0 2 0 0 0 0 0 0 0 0 0
#ばねけだま Subparam2が移動角度　BulletTriggerが弾む強さ
15 0 0 0 0 0 32768 0 0 15 0 0 0 0 0 0
#20:うさぎ"
#21:うさぎ　きいろ"     Subparam2でものを投げる間隔
#22:うさぎ　ぶるー"  まっすぐに弾を撃つ Subparam2間隔　BulletTrigger 角度
#23:うさぎ　ブラック"     近いキャラをおっかけてくる
#24:うさぎ　レッド"     自機狙いに攻撃をする
20 0 1 0 0 0 0 0 0 0 0 0 0 0 0 0
21 0 1 0 0 0 60 0 0 0 0 0 0 0 0 0
22 0 1 0 0 0 120 0 0 0 0 0 0 0 0 0
23 0 1 0 0 0 0 0 0 0 0 0 0 0 0 0
24 0 1 0 0 0 0 0 0 0 0 0 0 0 0 0
#ID" "26　小さい妖精"Subparam1が往復時間　Subparam2が角度
26 0 1 0 0 180 0 0 0 0 0 0 0 0 0 0
#青妖精Trigger1が往復移動　Trigger3が弾を撃つ角度 
#State1で短い間隔で撃つ。道を作るような
#State2 残存時間の長いたま。State1と同じ動作
#State3　60Fに一回弾を撃つ
27 0 1 0 0 180 0 0 0 32768 0 0 0 0 0 0
#緑妖精State0　自機狙い３way　m_BulletTriggerが射出間隔
#State0 3way自機狙い
#State1　自機狙いでかい弾
#State2　自機狙い加速でかい弾
28 0 1 0 0 180 0 0 0 120 0 0 0 0 0 0
#黒妖精　State0 4way角度指定　State1生存時間の短い玉を周囲に出す 減速する 消える
#State2　ランダムに撃つ。BulletTrigerが生成間隔。
#State3　4wayうつたびに少し角度を回す
29 0 1 0 0 180 0 0 0 0 0 0 0 0 0 0
#ゾンビふぇありー
30 0 1 0 0 180 0 0 0 0 0 0 0 0 0 0
#//ID" 31 "ゆっくり　おちてくる"   "Speedが反応し移動した時の移動速度"
31 0 6 0 0 0 0 0 0 0 0 0 0 0 0 0
32 0 6 0 0 0 0 0 0 0 0 0 0 0 0 0
33 0 6 0 0 0 0 0 0 0 0 0 0 0 0 0
#40:ジャンプうさぎ" "Subparamがジャンプする高さ"
#41:ジャンプうさぎ　きいろ" ハンマーブロス　State1でランダム
#42:ジャンプうさぎ　ぶるー" まっすぐに弾を撃つ Subparam2間隔　BulletTrigger 角度
#43:ジャンプうさぎ　ブラック"近いキャラをおっかけてくる
#44:ジャンプうさぎ　レッド"  自機狙いに攻撃をする
40 0 2 0 0 8 0 0 0 0 0 0 0 0 0 0
41 0 2 0 0 8 60 0 0 0 0 0 0 0 0 0
42 0 2 0 0 8 135 0 0 0 0 0 0 0 0 0
43 0 2 0 0 8 0 0 0 0 0 0 0 0 0 0
44 0 2 0 0 8 0 0 0 0 0 0 0 0 0 0
#46:カラス" 
#47:赤カラス" 
46 0 2 0 0 0 0 0 0 0 0 0 0 0 0 0
47 0 2 0 0 0 0 0 0 0 0 0 0 0 0 0
#49：大きな妖精" "Stateで攻撃パターン"   spd actionに往復時間　Sub2に角度
#State 5で自機狙いにおっかけてくる
49 1 1 0 0 120 8 0 0 0 0 0 0 0 0 0
#大きな妖精緑　State0カーブするNway弾　State1ランダムに弾をばらまく　BulletTrigerが継続時間
#
50 1 1 0 0 120 100 0 0 180 0 0 0 0 0 0
#大きな妖精赤　自機狙いに大玉プラスαの編成で射撃
51 1 1 0 0 120 0 0 32768 0 0 0 0 0 0 0
#黒大妖精　ぐるっと回転弾。State1で永続。
52 0 1 0 0 120 0 0 0 0 0 0 0 0 0 0
#びっくけだま　左右に移動" 
60 0 1 0 0 0 0 0 0 0 0 0 0 0 0 0
#びっくけだま02　左右に移動" "id02" "落ちない。"
61 1 1 0 0 0 0 0 0 0 0 0 0 0 0 0
#" 
62 0 1 0 0 0 0 0 0 0 0 0 0 0 0 0
#びっくけだま03　左右に移動" "id03" "こうらみたいなの　Subparam1で落ちない
63 0 1 0 0 0 2 0 0 0 0 0 0 0 0 0
#びっくけだま03　左右に移動" "id04" "はねる"
64 0 1 0 0 0 0 0 0 0 0 0 0 0 0 0
#びっくけだまくろ" 
65 0 1 0 0 0 2 0 0 0 0 0 0 0 0 0
#ID--100" 
100 1 0 0 0 11 0 0 0 0 0 0 0 0 0 0
101 1 0 0 0 11 0 0 0 0 0 0 0 0 0 0
#ID--115" 
115 0 1 0 0 0 0 0 0 0 0 0 0 0 0 0
116 0 1 0 0 0 0 0 0 0 0 0 0 0 0 0
117 0 1 0 0 0 0 0 0 0 0 0 0 0 0 0
118 0 1 0 0 0 0 0 0 0 0 0 0 0 0 0
119 0 1 0 0 0 300 0 0 0 0 0 0 0 0 0
#ID--126" "belt"
126 0 1 0 0 0 0 0 0 0 0 0 0 0 0 0
127 1 1 0 0 0 0 0 0 0 0 0 0 0 0 0
128 2 1 0 0 0 0 0 0 0 0 0 0 0 0 0
#ID--136" "biriusa" "subparam"   "Angle"
136 0 1 0 0 0 0 0 0 0 0 0 0 0 0 0
#ID--138" "state消えてる時間　speed出てる時間　Subparam2初期フレーム"
138 120 120 0 0 0 10 0 0 0 0 0 0 0 0 0
#ID140　リフト横" "SubParam1に往復時間　Subparam2にリフト幅（マス数）"
140 0 2 0 0 120 2 0 0 0 0 0 0 0 0 0
#ID141　リフト上下" 
141 -16384 1 0 0 120 2 0 0 0 0 0 0 0 0 0
#ID142　リフト落下" 
142 0 5 0 0 0 4 0 0 0 0 0 0 0 0 0
#ID144　リフト"   State 角度    Spd　Subparam2は長さ
144 32768 1 0 0 0 8 0 0 0 0 0 0 0 0 0
#ID146-" "色ONOFFスイッチ--" "147は対応ブロック。（出現）"
146 0 0 0 0 300 0 0 0 0 0 0 0 0 0 0
147 0 0 0 0 0 0 0 0 0 0 0 0 0 0 0
#ID-148" "色ONOFFスイッチ--149は対応ブロック。（消失）"
148 0 0 0 0 300 0 0 0 0 0 0 0 0 0 0
149 0 0 0 0 0 0 0 0 0 0 0 0 0 0 0
#ID　151すべるブロック" 
#ID　152触ったら壊れるブロック(どの方位からでも)" 
#ID　155" "隠しブロック"
155 0 0 0 0 0 0 0 0 0 0 0 0 0 0 0
#ID　156" "星くず発生器　常時発動"
156 2 5 0 0 10 0 0 0 0 0 0 0 0 0 0
#ID　157" "星くず発生器　攻撃にて発動" "subparam2--0OFF"   "1ON"
157 2 5 0 0 10 0 0 0 0 0 0 0 0 0 0
#ID--161bane-" 
161 8 10 0 0 0 0 0 0 0 0 0 0 0 0 0
162 8 14 0 0 1 0 0 0 0 0 0 0 0 0 0
163 8 18 0 0 2 0 0 0 0 0 0 0 0 0 0
#ID--164" "--" 171   "とげ"
164 8 0 0 0 0 0 0 0 0 0 0 0 0 0 0
165 4 0 0 0 0 0 0 0 0 0 0 0 0 0 0
166 6 0 0 0 0 0 0 0 0 0 0 0 0 0 0
167 2 0 0 0 0 0 0 0 0 0 0 0 0 0 0
168 8 0 0 0 1 0 0 0 0 0 0 0 0 0 0
169 4 0 0 0 1 0 0 0 0 0 0 0 0 0 0
170 6 0 0 0 1 0 0 0 0 0 0 0 0 0 0
171 2 0 0 0 1 0 0 0 0 0 0 0 0 0 0
#172バーナー（青くして墓場に…？）" 
172 0 0 0 0 0 0 0 0 0 0 0 0 0 0 0
173 0 0 0 0 200 0 0 0 0 0 0 0 0 0 0
#174こわせるぶろっく。毛玉キックでこわせるようなら使用" 
#175ふんだら割れるブロック" 
#176ベルトコンベア　デフォパラメータを変える" 
176 0 2 0 0 0 0 0 0 0 0 0 0 0 0 0
177 0 -2 0 0 0 0 0 0 0 0 0 0 0 0 0
180 0 0 0 0 0 0 0 0 0 0 0 0 0 0 0
181 0 0 0 0 0 0 0 0 0 0 0 0 0 0 0
#182扉" 
182 0 0 0 0 1 0 0 0 0 0 0 0 0 0 0
#183鍵" 
183 0 0 0 0 0 0 0 0 0 0 0 0 0 0 0
184 0 0 0 0 0 0 0 0 0 0 0 0 0 0 0
#185孔明ブロック" 
185 0 0 0 0 0 0 0 0 0 0 0 0 0 0 0
#186隠し地面バネ" 
186 0 15 0 0 0 0 0 0 0 0 0 0 0 0 0
#188近づくと薄くなる　透けるブロック。Stateで描画マップチップNo指定" 
188 62 0 0 0 200 0 0 0 0 0 0 0 0 0 0
#近づくと敵が出るぶろっく
190 62 1 0 0 1 0 0 0 0 0 0 0 0 0 0
#はしご
197 0 -3 0 0 0 0 0 0 0 0 0 0 0 0 0
#ID　200" "３色スイッチ　青　OFF"
200 0 0 0 0 0 0 0 0 0 0 0 0 0 0 0
201 1 0 0 0 0 0 0 0 0 0 0 0 0 0 0
#ID　202" "３色スイッチ　赤　OFF"
202 0 0 0 0 1 0 0 0 0 0 0 0 0 0 0
203 1 0 0 0 1 0 0 0 0 0 0 0 0 0 0
#ID　204" "３色スイッチ　黄　OFF"
204 0 0 0 0 2 0 0 0 0 0 0 0 0 0 0
205 1 0 0 0 2 0 0 0 0 0 0 0 0 0 0
#ID--207bane-" 
207 6 10 0 0 0 0 0 0 0 0 0 0 0 0 0
208 6 14 0 0 1 0 0 0 0 0 0 0 0 0 0
209 6 18 0 0 2 0 0 0 0 0 0 0 0 0 0
#ID--210bane-" 
210 4 10 0 0 0 0 0 0 0 0 0 0 0 0 0
211 4 14 0 0 1 0 0 0 0 0 0 0 0 0 0
212 4 18 0 0 2 0 0 0 0 0 0 0 0 0 0
#ID--213" 
#ID--214近づくと見えるブロック　範囲はSubparamで指定" 
214 62 0 0 0 160 0 0 0 0 0 0 0 0 0 0
#215とげぼーるくろ" 
215 0 0 0 0 0 0 0 0 0 0 0 0 0 0 0
216 1 0 0 0 0 0 0 0 0 0 0 0 0 0 0
217 2 0 0 0 0 0 0 0 0 0 0 0 0 0 0
#220カラースイッチによって出るブロック" 
#221" 
#222" 
#223" 
#224" 
#225" 
#226" 
#ID--227bane-" 
227 6 10 0 0 0 0 0 0 0 0 0 0 0 0 0
#ID--228bane-" 
228 4 10 0 0 0 0 0 0 0 0 0 0 0 0 0
232 0 0 0 0 1 0 0 0 0 0 0 0 0 0 0
#ID233--ひなふわののこぎり（使わん気もする）" 
233 2 3 0 0 100 0 0 0 0 0 0 0 0 0 0
#234　モンスターのハウス"
#もんすたーの家　Stateが一番上にあるのでそれが敵の種類 Speed:生成するキャラのスピード 
#Trigger1 生成間隔 Actionに生成されたもののState
234 1 2 0 0 200 1 0 0 0 0 0 0 0 0 0
235 1 2 0 0 200 0 0 0 0 0 0 0 0 0 0
#236　押せるブロック（大）"
#247 Coin
247 0 0 0 0 0 0 0 0 0 0 0 0 0 0 0
248 1 0 0 0 0 0 0 0 0 0 0 0 0 0 0
249 2 0 0 0 0 0 0 0 0 0 0 0 0 0 0
250 3 0 0 0 0 0 0 0 0 0 0 0 0 0 0
251 4 0 0 0 0 0 0 0 0 0 0 0 0 0 0
#254一度きりのふんだら発動スイッチ"
#Subparamの相手IDのState　Speedを自身のものに変える。
#スイッチが一定時間で戻る場合は、Subparam2にスイッチがONでいる時間を入れる0は永続
254 1 0 0 0 5 0 0 0 0 0 0 0 0 0 0
255 1 0 0 0 5 0 0 0 0 0 0 0 0 0 0
256 1 0 0 0 5 0 0 0 0 0 0 0 0 0 0
257 1 0 0 0 5 0 0 0 0 0 0 0 0 0 0
#260" "マップ移動扉"
260 1 0 0 0 30 30 0 0 0 0 0 0 0 0 0
#266" "メッセージ吹き出し" "Stateによって分岐"
266 2 0 0 0 0 0 0 0 0 0 0 0 0 0 0
#267アイテムが出るブロック。？ブロック"
#state = 0;	点アイテム　1;点アイテム（大　2;パワー　 3;フルパワー　4;5:ばらまき）
267 1 0 0 0 0 0 0 0 0 0 0 0 0 0 0
#ID269　チェックポイント" 
269 0 0 0 0 0 0 0 0 0 0 0 0 0 0 0
#ID　270　ゴールの中心" 
270 0 0 0 0 0 0 0 0 0 0 0 0 0 0 0
#ID　271　アナザーゴール" 
271 0 0 0 0 0 0 0 0 0 0 0 0 0 0 0
#ID　272　ステージの隠しアイテム" 
272 0 0 0 0 0 0 0 0 0 0 0 0 0 0 0
#ID　282" "強制スクロール時のカメラスタート位置"
#283　強制スクロールのカメラストップ（アクティブ時）" 
#ID　300" "主人公初期位置"
